/*--------------------------------*- C++ -*----------------------------------*\
| =========                 |                                                 |
| \\      /  F ield         | OpenFOAM: The Open Source CFD Toolbox           |
|  \\    /   O peration     | Version:  v2106                                 |
|   \\  /    A nd           | Website:  www.openfoam.com                      |
|    \\/     M anipulation  |                                                 |
\*---------------------------------------------------------------------------*/
FoamFile
{
    version     2.0;
    format      ascii;
    arch        "LSB;label=32;scalar=64";
    class       vectorField;
    location    "constant/polyMesh";
    object      points;
}
// * * * * * * * * * * * * * * * * * * * * * * * * * * * * * * * * * * * * * //


1722
(
(-125 -125 0)
(125 -125 0)
(375 -125 0)
(625 -125 0)
(875 -125 0)
(1125 -125 0)
(1375 -125 0)
(1625 -125 0)
(1875 -125 0)
(2125 -125 0)
(2375 -125 0)
(2625 -125 0)
(2875 -125 0)
(3125 -125 0)
(3375 -125 0)
(3625 -125 0)
(3875 -125 0)
(4125 -125 0)
(4375 -125 0)
(4625 -125 0)
(4875 -125 0)
(-125 125 0)
(125 125 0)
(375 125 0)
(625 125 0)
(875 125 0)
(1125 125 0)
(1375 125 0)
(1625 125 0)
(1875 125 0)
(2125 125 0)
(2375 125 0)
(2625 125 0)
(2875 125 0)
(3125 125 0)
(3375 125 0)
(3625 125 0)
(3875 125 0)
(4125 125 0)
(4375 125 0)
(4625 125 0)
(4875 125 0)
(-125 375 0)
(125 375 0)
(375 375 0)
(625 375 0)
(875 375 0)
(1125 375 0)
(1375 375 0)
(1625 375 0)
(1875 375 0)
(2125 375 0)
(2375 375 0)
(2625 375 0)
(2875 375 0)
(3125 375 0)
(3375 375 0)
(3625 375 0)
(3875 375 0)
(4125 375 0)
(4375 375 0)
(4625 375 0)
(4875 375 0)
(-125 625 0)
(125 625 0)
(375 625 0)
(625 625 0)
(875 625 0)
(1125 625 0)
(1375 625 0)
(1625 625 0)
(1875 625 0)
(2125 625 0)
(2375 625 0)
(2625 625 0)
(2875 625 0)
(3125 625 0)
(3375 625 0)
(3625 625 0)
(3875 625 0)
(4125 625 0)
(4375 625 0)
(4625 625 0)
(4875 625 0)
(-125 875 0)
(125 875 0)
(375 875 0)
(625 875 0)
(875 875 0)
(1125 875 0)
(1375 875 0)
(1625 875 0)
(1875 875 0)
(2125 875 0)
(2375 875 0)
(2625 875 0)
(2875 875 0)
(3125 875 0)
(3375 875 0)
(3625 875 0)
(3875 875 0)
(4125 875 0)
(4375 875 0)
(4625 875 0)
(4875 875 0)
(-125 1125 0)
(125 1125 0)
(375 1125 0)
(625 1125 0)
(875 1125 0)
(1125 1125 0)
(1375 1125 0)
(1625 1125 0)
(1875 1125 0)
(2125 1125 0)
(2375 1125 0)
(2625 1125 0)
(2875 1125 0)
(3125 1125 0)
(3375 1125 0)
(3625 1125 0)
(3875 1125 0)
(4125 1125 0)
(4375 1125 0)
(4625 1125 0)
(4875 1125 0)
(-125 1375 0)
(125 1375 0)
(375 1375 0)
(625 1375 0)
(875 1375 0)
(1125 1375 0)
(1375 1375 0)
(1625 1375 0)
(1875 1375 0)
(2125 1375 0)
(2375 1375 0)
(2625 1375 0)
(2875 1375 0)
(3125 1375 0)
(3375 1375 0)
(3625 1375 0)
(3875 1375 0)
(4125 1375 0)
(4375 1375 0)
(4625 1375 0)
(4875 1375 0)
(-125 1625 0)
(125 1625 0)
(375 1625 0)
(625 1625 0)
(875 1625 0)
(1125 1625 0)
(1375 1625 0)
(1625 1625 0)
(1875 1625 0)
(2125 1625 0)
(2375 1625 0)
(2625 1625 0)
(2875 1625 0)
(3125 1625 0)
(3375 1625 0)
(3625 1625 0)
(3875 1625 0)
(4125 1625 0)
(4375 1625 0)
(4625 1625 0)
(4875 1625 0)
(-125 1875 0)
(125 1875 0)
(375 1875 0)
(625 1875 0)
(875 1875 0)
(1125 1875 0)
(1375 1875 0)
(1625 1875 0)
(1875 1875 0)
(2125 1875 0)
(2375 1875 0)
(2625 1875 0)
(2875 1875 0)
(3125 1875 0)
(3375 1875 0)
(3625 1875 0)
(3875 1875 0)
(4125 1875 0)
(4375 1875 0)
(4625 1875 0)
(4875 1875 0)
(-125 2125 0)
(125 2125 0)
(375 2125 0)
(625 2125 0)
(875 2125 0)
(1125 2125 0)
(1375 2125 0)
(1625 2125 0)
(1875 2125 0)
(2125 2125 0)
(2375 2125 0)
(2625 2125 0)
(2875 2125 0)
(3125 2125 0)
(3375 2125 0)
(3625 2125 0)
(3875 2125 0)
(4125 2125 0)
(4375 2125 0)
(4625 2125 0)
(4875 2125 0)
(-125 2375 0)
(125 2375 0)
(375 2375 0)
(625 2375 0)
(875 2375 0)
(1125 2375 0)
(1375 2375 0)
(1625 2375 0)
(1875 2375 0)
(2125 2375 0)
(2375 2375 0)
(2625 2375 0)
(2875 2375 0)
(3125 2375 0)
(3375 2375 0)
(3625 2375 0)
(3875 2375 0)
(4125 2375 0)
(4375 2375 0)
(4625 2375 0)
(4875 2375 0)
(-125 2625 0)
(125 2625 0)
(375 2625 0)
(625 2625 0)
(875 2625 0)
(1125 2625 0)
(1375 2625 0)
(1625 2625 0)
(1875 2625 0)
(2125 2625 0)
(2375 2625 0)
(2625 2625 0)
(2875 2625 0)
(3125 2625 0)
(3375 2625 0)
(3625 2625 0)
(3875 2625 0)
(4125 2625 0)
(4375 2625 0)
(4625 2625 0)
(4875 2625 0)
(-125 2875 0)
(125 2875 0)
(375 2875 0)
(625 2875 0)
(875 2875 0)
(1125 2875 0)
(1375 2875 0)
(1625 2875 0)
(1875 2875 0)
(2125 2875 0)
(2375 2875 0)
(2625 2875 0)
(2875 2875 0)
(3125 2875 0)
(3375 2875 0)
(3625 2875 0)
(3875 2875 0)
(4125 2875 0)
(4375 2875 0)
(4625 2875 0)
(4875 2875 0)
(-125 3125 0)
(125 3125 0)
(375 3125 0)
(625 3125 0)
(875 3125 0)
(1125 3125 0)
(1375 3125 0)
(1625 3125 0)
(1875 3125 0)
(2125 3125 0)
(2375 3125 0)
(2625 3125 0)
(2875 3125 0)
(3125 3125 0)
(3375 3125 0)
(3625 3125 0)
(3875 3125 0)
(4125 3125 0)
(4375 3125 0)
(4625 3125 0)
(4875 3125 0)
(-125 3375 0)
(125 3375 0)
(375 3375 0)
(625 3375 0)
(875 3375 0)
(1125 3375 0)
(1375 3375 0)
(1625 3375 0)
(1875 3375 0)
(2125 3375 0)
(2375 3375 0)
(2625 3375 0)
(2875 3375 0)
(3125 3375 0)
(3375 3375 0)
(3625 3375 0)
(3875 3375 0)
(4125 3375 0)
(4375 3375 0)
(4625 3375 0)
(4875 3375 0)
(-125 3625 0)
(125 3625 0)
(375 3625 0)
(625 3625 0)
(875 3625 0)
(1125 3625 0)
(1375 3625 0)
(1625 3625 0)
(1875 3625 0)
(2125 3625 0)
(2375 3625 0)
(2625 3625 0)
(2875 3625 0)
(3125 3625 0)
(3375 3625 0)
(3625 3625 0)
(3875 3625 0)
(4125 3625 0)
(4375 3625 0)
(4625 3625 0)
(4875 3625 0)
(-125 3875 0)
(125 3875 0)
(375 3875 0)
(625 3875 0)
(875 3875 0)
(1125 3875 0)
(1375 3875 0)
(1625 3875 0)
(1875 3875 0)
(2125 3875 0)
(2375 3875 0)
(2625 3875 0)
(2875 3875 0)
(3125 3875 0)
(3375 3875 0)
(3625 3875 0)
(3875 3875 0)
(4125 3875 0)
(4375 3875 0)
(4625 3875 0)
(4875 3875 0)
(-125 4125 0)
(125 4125 0)
(375 4125 0)
(625 4125 0)
(875 4125 0)
(1125 4125 0)
(1375 4125 0)
(1625 4125 0)
(1875 4125 0)
(2125 4125 0)
(2375 4125 0)
(2625 4125 0)
(2875 4125 0)
(3125 4125 0)
(3375 4125 0)
(3625 4125 0)
(3875 4125 0)
(4125 4125 0)
(4375 4125 0)
(4625 4125 0)
(4875 4125 0)
(-125 4375 0)
(125 4375 0)
(375 4375 0)
(625 4375 0)
(875 4375 0)
(1125 4375 0)
(1375 4375 0)
(1625 4375 0)
(1875 4375 0)
(2125 4375 0)
(2375 4375 0)
(2625 4375 0)
(2875 4375 0)
(3125 4375 0)
(3375 4375 0)
(3625 4375 0)
(3875 4375 0)
(4125 4375 0)
(4375 4375 0)
(4625 4375 0)
(4875 4375 0)
(-125 4625 0)
(125 4625 0)
(375 4625 0)
(625 4625 0)
(875 4625 0)
(1125 4625 0)
(1375 4625 0)
(1625 4625 0)
(1875 4625 0)
(2125 4625 0)
(2375 4625 0)
(2625 4625 0)
(2875 4625 0)
(3125 4625 0)
(3375 4625 0)
(3625 4625 0)
(3875 4625 0)
(4125 4625 0)
(4375 4625 0)
(4625 4625 0)
(4875 4625 0)
(-125 4875 0)
(125 4875 0)
(375 4875 0)
(625 4875 0)
(875 4875 0)
(1125 4875 0)
(1375 4875 0)
(1625 4875 0)
(1875 4875 0)
(2125 4875 0)
(2375 4875 0)
(2625 4875 0)
(2875 4875 0)
(3125 4875 0)
(3375 4875 0)
(3625 4875 0)
(3875 4875 0)
(4125 4875 0)
(4375 4875 0)
(4625 4875 0)
(4875 4875 0)
(-125 5125 0)
(125 5125 0)
(375 5125 0)
(625 5125 0)
(875 5125 0)
(1125 5125 0)
(1375 5125 0)
(1625 5125 0)
(1875 5125 0)
(2125 5125 0)
(2375 5125 0)
(2625 5125 0)
(2875 5125 0)
(3125 5125 0)
(3375 5125 0)
(3625 5125 0)
(3875 5125 0)
(4125 5125 0)
(4375 5125 0)
(4625 5125 0)
(4875 5125 0)
(-125 5375 0)
(125 5375 0)
(375 5375 0)
(625 5375 0)
(875 5375 0)
(1125 5375 0)
(1375 5375 0)
(1625 5375 0)
(1875 5375 0)
(2125 5375 0)
(2375 5375 0)
(2625 5375 0)
(2875 5375 0)
(3125 5375 0)
(3375 5375 0)
(3625 5375 0)
(3875 5375 0)
(4125 5375 0)
(4375 5375 0)
(4625 5375 0)
(4875 5375 0)
(-125 5625 0)
(125 5625 0)
(375 5625 0)
(625 5625 0)
(875 5625 0)
(1125 5625 0)
(1375 5625 0)
(1625 5625 0)
(1875 5625 0)
(2125 5625 0)
(2375 5625 0)
(2625 5625 0)
(2875 5625 0)
(3125 5625 0)
(3375 5625 0)
(3625 5625 0)
(3875 5625 0)
(4125 5625 0)
(4375 5625 0)
(4625 5625 0)
(4875 5625 0)
(-125 5875 0)
(125 5875 0)
(375 5875 0)
(625 5875 0)
(875 5875 0)
(1125 5875 0)
(1375 5875 0)
(1625 5875 0)
(1875 5875 0)
(2125 5875 0)
(2375 5875 0)
(2625 5875 0)
(2875 5875 0)
(3125 5875 0)
(3375 5875 0)
(3625 5875 0)
(3875 5875 0)
(4125 5875 0)
(4375 5875 0)
(4625 5875 0)
(4875 5875 0)
(-125 6125 0)
(125 6125 0)
(375 6125 0)
(625 6125 0)
(875 6125 0)
(1125 6125 0)
(1375 6125 0)
(1625 6125 0)
(1875 6125 0)
(2125 6125 0)
(2375 6125 0)
(2625 6125 0)
(2875 6125 0)
(3125 6125 0)
(3375 6125 0)
(3625 6125 0)
(3875 6125 0)
(4125 6125 0)
(4375 6125 0)
(4625 6125 0)
(4875 6125 0)
(-125 6375 0)
(125 6375 0)
(375 6375 0)
(625 6375 0)
(875 6375 0)
(1125 6375 0)
(1375 6375 0)
(1625 6375 0)
(1875 6375 0)
(2125 6375 0)
(2375 6375 0)
(2625 6375 0)
(2875 6375 0)
(3125 6375 0)
(3375 6375 0)
(3625 6375 0)
(3875 6375 0)
(4125 6375 0)
(4375 6375 0)
(4625 6375 0)
(4875 6375 0)
(-125 6625 0)
(125 6625 0)
(375 6625 0)
(625 6625 0)
(875 6625 0)
(1125 6625 0)
(1375 6625 0)
(1625 6625 0)
(1875 6625 0)
(2125 6625 0)
(2375 6625 0)
(2625 6625 0)
(2875 6625 0)
(3125 6625 0)
(3375 6625 0)
(3625 6625 0)
(3875 6625 0)
(4125 6625 0)
(4375 6625 0)
(4625 6625 0)
(4875 6625 0)
(-125 6875 0)
(125 6875 0)
(375 6875 0)
(625 6875 0)
(875 6875 0)
(1125 6875 0)
(1375 6875 0)
(1625 6875 0)
(1875 6875 0)
(2125 6875 0)
(2375 6875 0)
(2625 6875 0)
(2875 6875 0)
(3125 6875 0)
(3375 6875 0)
(3625 6875 0)
(3875 6875 0)
(4125 6875 0)
(4375 6875 0)
(4625 6875 0)
(4875 6875 0)
(-125 7125 0)
(125 7125 0)
(375 7125 0)
(625 7125 0)
(875 7125 0)
(1125 7125 0)
(1375 7125 0)
(1625 7125 0)
(1875 7125 0)
(2125 7125 0)
(2375 7125 0)
(2625 7125 0)
(2875 7125 0)
(3125 7125 0)
(3375 7125 0)
(3625 7125 0)
(3875 7125 0)
(4125 7125 0)
(4375 7125 0)
(4625 7125 0)
(4875 7125 0)
(-125 7375 0)
(125 7375 0)
(375 7375 0)
(625 7375 0)
(875 7375 0)
(1125 7375 0)
(1375 7375 0)
(1625 7375 0)
(1875 7375 0)
(2125 7375 0)
(2375 7375 0)
(2625 7375 0)
(2875 7375 0)
(3125 7375 0)
(3375 7375 0)
(3625 7375 0)
(3875 7375 0)
(4125 7375 0)
(4375 7375 0)
(4625 7375 0)
(4875 7375 0)
(-125 7625 0)
(125 7625 0)
(375 7625 0)
(625 7625 0)
(875 7625 0)
(1125 7625 0)
(1375 7625 0)
(1625 7625 0)
(1875 7625 0)
(2125 7625 0)
(2375 7625 0)
(2625 7625 0)
(2875 7625 0)
(3125 7625 0)
(3375 7625 0)
(3625 7625 0)
(3875 7625 0)
(4125 7625 0)
(4375 7625 0)
(4625 7625 0)
(4875 7625 0)
(-125 7875 0)
(125 7875 0)
(375 7875 0)
(625 7875 0)
(875 7875 0)
(1125 7875 0)
(1375 7875 0)
(1625 7875 0)
(1875 7875 0)
(2125 7875 0)
(2375 7875 0)
(2625 7875 0)
(2875 7875 0)
(3125 7875 0)
(3375 7875 0)
(3625 7875 0)
(3875 7875 0)
(4125 7875 0)
(4375 7875 0)
(4625 7875 0)
(4875 7875 0)
(-125 8125 0)
(125 8125 0)
(375 8125 0)
(625 8125 0)
(875 8125 0)
(1125 8125 0)
(1375 8125 0)
(1625 8125 0)
(1875 8125 0)
(2125 8125 0)
(2375 8125 0)
(2625 8125 0)
(2875 8125 0)
(3125 8125 0)
(3375 8125 0)
(3625 8125 0)
(3875 8125 0)
(4125 8125 0)
(4375 8125 0)
(4625 8125 0)
(4875 8125 0)
(-125 8375 0)
(125 8375 0)
(375 8375 0)
(625 8375 0)
(875 8375 0)
(1125 8375 0)
(1375 8375 0)
(1625 8375 0)
(1875 8375 0)
(2125 8375 0)
(2375 8375 0)
(2625 8375 0)
(2875 8375 0)
(3125 8375 0)
(3375 8375 0)
(3625 8375 0)
(3875 8375 0)
(4125 8375 0)
(4375 8375 0)
(4625 8375 0)
(4875 8375 0)
(-125 8625 0)
(125 8625 0)
(375 8625 0)
(625 8625 0)
(875 8625 0)
(1125 8625 0)
(1375 8625 0)
(1625 8625 0)
(1875 8625 0)
(2125 8625 0)
(2375 8625 0)
(2625 8625 0)
(2875 8625 0)
(3125 8625 0)
(3375 8625 0)
(3625 8625 0)
(3875 8625 0)
(4125 8625 0)
(4375 8625 0)
(4625 8625 0)
(4875 8625 0)
(-125 8875 0)
(125 8875 0)
(375 8875 0)
(625 8875 0)
(875 8875 0)
(1125 8875 0)
(1375 8875 0)
(1625 8875 0)
(1875 8875 0)
(2125 8875 0)
(2375 8875 0)
(2625 8875 0)
(2875 8875 0)
(3125 8875 0)
(3375 8875 0)
(3625 8875 0)
(3875 8875 0)
(4125 8875 0)
(4375 8875 0)
(4625 8875 0)
(4875 8875 0)
(-125 9125 0)
(125 9125 0)
(375 9125 0)
(625 9125 0)
(875 9125 0)
(1125 9125 0)
(1375 9125 0)
(1625 9125 0)
(1875 9125 0)
(2125 9125 0)
(2375 9125 0)
(2625 9125 0)
(2875 9125 0)
(3125 9125 0)
(3375 9125 0)
(3625 9125 0)
(3875 9125 0)
(4125 9125 0)
(4375 9125 0)
(4625 9125 0)
(4875 9125 0)
(-125 9375 0)
(125 9375 0)
(375 9375 0)
(625 9375 0)
(875 9375 0)
(1125 9375 0)
(1375 9375 0)
(1625 9375 0)
(1875 9375 0)
(2125 9375 0)
(2375 9375 0)
(2625 9375 0)
(2875 9375 0)
(3125 9375 0)
(3375 9375 0)
(3625 9375 0)
(3875 9375 0)
(4125 9375 0)
(4375 9375 0)
(4625 9375 0)
(4875 9375 0)
(-125 9625 0)
(125 9625 0)
(375 9625 0)
(625 9625 0)
(875 9625 0)
(1125 9625 0)
(1375 9625 0)
(1625 9625 0)
(1875 9625 0)
(2125 9625 0)
(2375 9625 0)
(2625 9625 0)
(2875 9625 0)
(3125 9625 0)
(3375 9625 0)
(3625 9625 0)
(3875 9625 0)
(4125 9625 0)
(4375 9625 0)
(4625 9625 0)
(4875 9625 0)
(-125 9875 0)
(125 9875 0)
(375 9875 0)
(625 9875 0)
(875 9875 0)
(1125 9875 0)
(1375 9875 0)
(1625 9875 0)
(1875 9875 0)
(2125 9875 0)
(2375 9875 0)
(2625 9875 0)
(2875 9875 0)
(3125 9875 0)
(3375 9875 0)
(3625 9875 0)
(3875 9875 0)
(4125 9875 0)
(4375 9875 0)
(4625 9875 0)
(4875 9875 0)
(-125 -125 1000)
(125 -125 1000)
(375 -125 1000)
(625 -125 1000)
(875 -125 1000)
(1125 -125 1000)
(1375 -125 1000)
(1625 -125 1000)
(1875 -125 1000)
(2125 -125 1000)
(2375 -125 1000)
(2625 -125 1000)
(2875 -125 1000)
(3125 -125 1000)
(3375 -125 1000)
(3625 -125 1000)
(3875 -125 1000)
(4125 -125 1000)
(4375 -125 1000)
(4625 -125 1000)
(4875 -125 1000)
(-125 125 1000)
(125 125 1000)
(375 125 1000)
(625 125 1000)
(875 125 1000)
(1125 125 1000)
(1375 125 1000)
(1625 125 1000)
(1875 125 1000)
(2125 125 1000)
(2375 125 1000)
(2625 125 1000)
(2875 125 1000)
(3125 125 1000)
(3375 125 1000)
(3625 125 1000)
(3875 125 1000)
(4125 125 1000)
(4375 125 1000)
(4625 125 1000)
(4875 125 1000)
(-125 375 1000)
(125 375 1000)
(375 375 1000)
(625 375 1000)
(875 375 1000)
(1125 375 1000)
(1375 375 1000)
(1625 375 1000)
(1875 375 1000)
(2125 375 1000)
(2375 375 1000)
(2625 375 1000)
(2875 375 1000)
(3125 375 1000)
(3375 375 1000)
(3625 375 1000)
(3875 375 1000)
(4125 375 1000)
(4375 375 1000)
(4625 375 1000)
(4875 375 1000)
(-125 625 1000)
(125 625 1000)
(375 625 1000)
(625 625 1000)
(875 625 1000)
(1125 625 1000)
(1375 625 1000)
(1625 625 1000)
(1875 625 1000)
(2125 625 1000)
(2375 625 1000)
(2625 625 1000)
(2875 625 1000)
(3125 625 1000)
(3375 625 1000)
(3625 625 1000)
(3875 625 1000)
(4125 625 1000)
(4375 625 1000)
(4625 625 1000)
(4875 625 1000)
(-125 875 1000)
(125 875 1000)
(375 875 1000)
(625 875 1000)
(875 875 1000)
(1125 875 1000)
(1375 875 1000)
(1625 875 1000)
(1875 875 1000)
(2125 875 1000)
(2375 875 1000)
(2625 875 1000)
(2875 875 1000)
(3125 875 1000)
(3375 875 1000)
(3625 875 1000)
(3875 875 1000)
(4125 875 1000)
(4375 875 1000)
(4625 875 1000)
(4875 875 1000)
(-125 1125 1000)
(125 1125 1000)
(375 1125 1000)
(625 1125 1000)
(875 1125 1000)
(1125 1125 1000)
(1375 1125 1000)
(1625 1125 1000)
(1875 1125 1000)
(2125 1125 1000)
(2375 1125 1000)
(2625 1125 1000)
(2875 1125 1000)
(3125 1125 1000)
(3375 1125 1000)
(3625 1125 1000)
(3875 1125 1000)
(4125 1125 1000)
(4375 1125 1000)
(4625 1125 1000)
(4875 1125 1000)
(-125 1375 1000)
(125 1375 1000)
(375 1375 1000)
(625 1375 1000)
(875 1375 1000)
(1125 1375 1000)
(1375 1375 1000)
(1625 1375 1000)
(1875 1375 1000)
(2125 1375 1000)
(2375 1375 1000)
(2625 1375 1000)
(2875 1375 1000)
(3125 1375 1000)
(3375 1375 1000)
(3625 1375 1000)
(3875 1375 1000)
(4125 1375 1000)
(4375 1375 1000)
(4625 1375 1000)
(4875 1375 1000)
(-125 1625 1000)
(125 1625 1000)
(375 1625 1000)
(625 1625 1000)
(875 1625 1000)
(1125 1625 1000)
(1375 1625 1000)
(1625 1625 1000)
(1875 1625 1000)
(2125 1625 1000)
(2375 1625 1000)
(2625 1625 1000)
(2875 1625 1000)
(3125 1625 1000)
(3375 1625 1000)
(3625 1625 1000)
(3875 1625 1000)
(4125 1625 1000)
(4375 1625 1000)
(4625 1625 1000)
(4875 1625 1000)
(-125 1875 1000)
(125 1875 1000)
(375 1875 1000)
(625 1875 1000)
(875 1875 1000)
(1125 1875 1000)
(1375 1875 1000)
(1625 1875 1000)
(1875 1875 1000)
(2125 1875 1000)
(2375 1875 1000)
(2625 1875 1000)
(2875 1875 1000)
(3125 1875 1000)
(3375 1875 1000)
(3625 1875 1000)
(3875 1875 1000)
(4125 1875 1000)
(4375 1875 1000)
(4625 1875 1000)
(4875 1875 1000)
(-125 2125 1000)
(125 2125 1000)
(375 2125 1000)
(625 2125 1000)
(875 2125 1000)
(1125 2125 1000)
(1375 2125 1000)
(1625 2125 1000)
(1875 2125 1000)
(2125 2125 1000)
(2375 2125 1000)
(2625 2125 1000)
(2875 2125 1000)
(3125 2125 1000)
(3375 2125 1000)
(3625 2125 1000)
(3875 2125 1000)
(4125 2125 1000)
(4375 2125 1000)
(4625 2125 1000)
(4875 2125 1000)
(-125 2375 1000)
(125 2375 1000)
(375 2375 1000)
(625 2375 1000)
(875 2375 1000)
(1125 2375 1000)
(1375 2375 1000)
(1625 2375 1000)
(1875 2375 1000)
(2125 2375 1000)
(2375 2375 1000)
(2625 2375 1000)
(2875 2375 1000)
(3125 2375 1000)
(3375 2375 1000)
(3625 2375 1000)
(3875 2375 1000)
(4125 2375 1000)
(4375 2375 1000)
(4625 2375 1000)
(4875 2375 1000)
(-125 2625 1000)
(125 2625 1000)
(375 2625 1000)
(625 2625 1000)
(875 2625 1000)
(1125 2625 1000)
(1375 2625 1000)
(1625 2625 1000)
(1875 2625 1000)
(2125 2625 1000)
(2375 2625 1000)
(2625 2625 1000)
(2875 2625 1000)
(3125 2625 1000)
(3375 2625 1000)
(3625 2625 1000)
(3875 2625 1000)
(4125 2625 1000)
(4375 2625 1000)
(4625 2625 1000)
(4875 2625 1000)
(-125 2875 1000)
(125 2875 1000)
(375 2875 1000)
(625 2875 1000)
(875 2875 1000)
(1125 2875 1000)
(1375 2875 1000)
(1625 2875 1000)
(1875 2875 1000)
(2125 2875 1000)
(2375 2875 1000)
(2625 2875 1000)
(2875 2875 1000)
(3125 2875 1000)
(3375 2875 1000)
(3625 2875 1000)
(3875 2875 1000)
(4125 2875 1000)
(4375 2875 1000)
(4625 2875 1000)
(4875 2875 1000)
(-125 3125 1000)
(125 3125 1000)
(375 3125 1000)
(625 3125 1000)
(875 3125 1000)
(1125 3125 1000)
(1375 3125 1000)
(1625 3125 1000)
(1875 3125 1000)
(2125 3125 1000)
(2375 3125 1000)
(2625 3125 1000)
(2875 3125 1000)
(3125 3125 1000)
(3375 3125 1000)
(3625 3125 1000)
(3875 3125 1000)
(4125 3125 1000)
(4375 3125 1000)
(4625 3125 1000)
(4875 3125 1000)
(-125 3375 1000)
(125 3375 1000)
(375 3375 1000)
(625 3375 1000)
(875 3375 1000)
(1125 3375 1000)
(1375 3375 1000)
(1625 3375 1000)
(1875 3375 1000)
(2125 3375 1000)
(2375 3375 1000)
(2625 3375 1000)
(2875 3375 1000)
(3125 3375 1000)
(3375 3375 1000)
(3625 3375 1000)
(3875 3375 1000)
(4125 3375 1000)
(4375 3375 1000)
(4625 3375 1000)
(4875 3375 1000)
(-125 3625 1000)
(125 3625 1000)
(375 3625 1000)
(625 3625 1000)
(875 3625 1000)
(1125 3625 1000)
(1375 3625 1000)
(1625 3625 1000)
(1875 3625 1000)
(2125 3625 1000)
(2375 3625 1000)
(2625 3625 1000)
(2875 3625 1000)
(3125 3625 1000)
(3375 3625 1000)
(3625 3625 1000)
(3875 3625 1000)
(4125 3625 1000)
(4375 3625 1000)
(4625 3625 1000)
(4875 3625 1000)
(-125 3875 1000)
(125 3875 1000)
(375 3875 1000)
(625 3875 1000)
(875 3875 1000)
(1125 3875 1000)
(1375 3875 1000)
(1625 3875 1000)
(1875 3875 1000)
(2125 3875 1000)
(2375 3875 1000)
(2625 3875 1000)
(2875 3875 1000)
(3125 3875 1000)
(3375 3875 1000)
(3625 3875 1000)
(3875 3875 1000)
(4125 3875 1000)
(4375 3875 1000)
(4625 3875 1000)
(4875 3875 1000)
(-125 4125 1000)
(125 4125 1000)
(375 4125 1000)
(625 4125 1000)
(875 4125 1000)
(1125 4125 1000)
(1375 4125 1000)
(1625 4125 1000)
(1875 4125 1000)
(2125 4125 1000)
(2375 4125 1000)
(2625 4125 1000)
(2875 4125 1000)
(3125 4125 1000)
(3375 4125 1000)
(3625 4125 1000)
(3875 4125 1000)
(4125 4125 1000)
(4375 4125 1000)
(4625 4125 1000)
(4875 4125 1000)
(-125 4375 1000)
(125 4375 1000)
(375 4375 1000)
(625 4375 1000)
(875 4375 1000)
(1125 4375 1000)
(1375 4375 1000)
(1625 4375 1000)
(1875 4375 1000)
(2125 4375 1000)
(2375 4375 1000)
(2625 4375 1000)
(2875 4375 1000)
(3125 4375 1000)
(3375 4375 1000)
(3625 4375 1000)
(3875 4375 1000)
(4125 4375 1000)
(4375 4375 1000)
(4625 4375 1000)
(4875 4375 1000)
(-125 4625 1000)
(125 4625 1000)
(375 4625 1000)
(625 4625 1000)
(875 4625 1000)
(1125 4625 1000)
(1375 4625 1000)
(1625 4625 1000)
(1875 4625 1000)
(2125 4625 1000)
(2375 4625 1000)
(2625 4625 1000)
(2875 4625 1000)
(3125 4625 1000)
(3375 4625 1000)
(3625 4625 1000)
(3875 4625 1000)
(4125 4625 1000)
(4375 4625 1000)
(4625 4625 1000)
(4875 4625 1000)
(-125 4875 1000)
(125 4875 1000)
(375 4875 1000)
(625 4875 1000)
(875 4875 1000)
(1125 4875 1000)
(1375 4875 1000)
(1625 4875 1000)
(1875 4875 1000)
(2125 4875 1000)
(2375 4875 1000)
(2625 4875 1000)
(2875 4875 1000)
(3125 4875 1000)
(3375 4875 1000)
(3625 4875 1000)
(3875 4875 1000)
(4125 4875 1000)
(4375 4875 1000)
(4625 4875 1000)
(4875 4875 1000)
(-125 5125 1000)
(125 5125 1000)
(375 5125 1000)
(625 5125 1000)
(875 5125 1000)
(1125 5125 1000)
(1375 5125 1000)
(1625 5125 1000)
(1875 5125 1000)
(2125 5125 1000)
(2375 5125 1000)
(2625 5125 1000)
(2875 5125 1000)
(3125 5125 1000)
(3375 5125 1000)
(3625 5125 1000)
(3875 5125 1000)
(4125 5125 1000)
(4375 5125 1000)
(4625 5125 1000)
(4875 5125 1000)
(-125 5375 1000)
(125 5375 1000)
(375 5375 1000)
(625 5375 1000)
(875 5375 1000)
(1125 5375 1000)
(1375 5375 1000)
(1625 5375 1000)
(1875 5375 1000)
(2125 5375 1000)
(2375 5375 1000)
(2625 5375 1000)
(2875 5375 1000)
(3125 5375 1000)
(3375 5375 1000)
(3625 5375 1000)
(3875 5375 1000)
(4125 5375 1000)
(4375 5375 1000)
(4625 5375 1000)
(4875 5375 1000)
(-125 5625 1000)
(125 5625 1000)
(375 5625 1000)
(625 5625 1000)
(875 5625 1000)
(1125 5625 1000)
(1375 5625 1000)
(1625 5625 1000)
(1875 5625 1000)
(2125 5625 1000)
(2375 5625 1000)
(2625 5625 1000)
(2875 5625 1000)
(3125 5625 1000)
(3375 5625 1000)
(3625 5625 1000)
(3875 5625 1000)
(4125 5625 1000)
(4375 5625 1000)
(4625 5625 1000)
(4875 5625 1000)
(-125 5875 1000)
(125 5875 1000)
(375 5875 1000)
(625 5875 1000)
(875 5875 1000)
(1125 5875 1000)
(1375 5875 1000)
(1625 5875 1000)
(1875 5875 1000)
(2125 5875 1000)
(2375 5875 1000)
(2625 5875 1000)
(2875 5875 1000)
(3125 5875 1000)
(3375 5875 1000)
(3625 5875 1000)
(3875 5875 1000)
(4125 5875 1000)
(4375 5875 1000)
(4625 5875 1000)
(4875 5875 1000)
(-125 6125 1000)
(125 6125 1000)
(375 6125 1000)
(625 6125 1000)
(875 6125 1000)
(1125 6125 1000)
(1375 6125 1000)
(1625 6125 1000)
(1875 6125 1000)
(2125 6125 1000)
(2375 6125 1000)
(2625 6125 1000)
(2875 6125 1000)
(3125 6125 1000)
(3375 6125 1000)
(3625 6125 1000)
(3875 6125 1000)
(4125 6125 1000)
(4375 6125 1000)
(4625 6125 1000)
(4875 6125 1000)
(-125 6375 1000)
(125 6375 1000)
(375 6375 1000)
(625 6375 1000)
(875 6375 1000)
(1125 6375 1000)
(1375 6375 1000)
(1625 6375 1000)
(1875 6375 1000)
(2125 6375 1000)
(2375 6375 1000)
(2625 6375 1000)
(2875 6375 1000)
(3125 6375 1000)
(3375 6375 1000)
(3625 6375 1000)
(3875 6375 1000)
(4125 6375 1000)
(4375 6375 1000)
(4625 6375 1000)
(4875 6375 1000)
(-125 6625 1000)
(125 6625 1000)
(375 6625 1000)
(625 6625 1000)
(875 6625 1000)
(1125 6625 1000)
(1375 6625 1000)
(1625 6625 1000)
(1875 6625 1000)
(2125 6625 1000)
(2375 6625 1000)
(2625 6625 1000)
(2875 6625 1000)
(3125 6625 1000)
(3375 6625 1000)
(3625 6625 1000)
(3875 6625 1000)
(4125 6625 1000)
(4375 6625 1000)
(4625 6625 1000)
(4875 6625 1000)
(-125 6875 1000)
(125 6875 1000)
(375 6875 1000)
(625 6875 1000)
(875 6875 1000)
(1125 6875 1000)
(1375 6875 1000)
(1625 6875 1000)
(1875 6875 1000)
(2125 6875 1000)
(2375 6875 1000)
(2625 6875 1000)
(2875 6875 1000)
(3125 6875 1000)
(3375 6875 1000)
(3625 6875 1000)
(3875 6875 1000)
(4125 6875 1000)
(4375 6875 1000)
(4625 6875 1000)
(4875 6875 1000)
(-125 7125 1000)
(125 7125 1000)
(375 7125 1000)
(625 7125 1000)
(875 7125 1000)
(1125 7125 1000)
(1375 7125 1000)
(1625 7125 1000)
(1875 7125 1000)
(2125 7125 1000)
(2375 7125 1000)
(2625 7125 1000)
(2875 7125 1000)
(3125 7125 1000)
(3375 7125 1000)
(3625 7125 1000)
(3875 7125 1000)
(4125 7125 1000)
(4375 7125 1000)
(4625 7125 1000)
(4875 7125 1000)
(-125 7375 1000)
(125 7375 1000)
(375 7375 1000)
(625 7375 1000)
(875 7375 1000)
(1125 7375 1000)
(1375 7375 1000)
(1625 7375 1000)
(1875 7375 1000)
(2125 7375 1000)
(2375 7375 1000)
(2625 7375 1000)
(2875 7375 1000)
(3125 7375 1000)
(3375 7375 1000)
(3625 7375 1000)
(3875 7375 1000)
(4125 7375 1000)
(4375 7375 1000)
(4625 7375 1000)
(4875 7375 1000)
(-125 7625 1000)
(125 7625 1000)
(375 7625 1000)
(625 7625 1000)
(875 7625 1000)
(1125 7625 1000)
(1375 7625 1000)
(1625 7625 1000)
(1875 7625 1000)
(2125 7625 1000)
(2375 7625 1000)
(2625 7625 1000)
(2875 7625 1000)
(3125 7625 1000)
(3375 7625 1000)
(3625 7625 1000)
(3875 7625 1000)
(4125 7625 1000)
(4375 7625 1000)
(4625 7625 1000)
(4875 7625 1000)
(-125 7875 1000)
(125 7875 1000)
(375 7875 1000)
(625 7875 1000)
(875 7875 1000)
(1125 7875 1000)
(1375 7875 1000)
(1625 7875 1000)
(1875 7875 1000)
(2125 7875 1000)
(2375 7875 1000)
(2625 7875 1000)
(2875 7875 1000)
(3125 7875 1000)
(3375 7875 1000)
(3625 7875 1000)
(3875 7875 1000)
(4125 7875 1000)
(4375 7875 1000)
(4625 7875 1000)
(4875 7875 1000)
(-125 8125 1000)
(125 8125 1000)
(375 8125 1000)
(625 8125 1000)
(875 8125 1000)
(1125 8125 1000)
(1375 8125 1000)
(1625 8125 1000)
(1875 8125 1000)
(2125 8125 1000)
(2375 8125 1000)
(2625 8125 1000)
(2875 8125 1000)
(3125 8125 1000)
(3375 8125 1000)
(3625 8125 1000)
(3875 8125 1000)
(4125 8125 1000)
(4375 8125 1000)
(4625 8125 1000)
(4875 8125 1000)
(-125 8375 1000)
(125 8375 1000)
(375 8375 1000)
(625 8375 1000)
(875 8375 1000)
(1125 8375 1000)
(1375 8375 1000)
(1625 8375 1000)
(1875 8375 1000)
(2125 8375 1000)
(2375 8375 1000)
(2625 8375 1000)
(2875 8375 1000)
(3125 8375 1000)
(3375 8375 1000)
(3625 8375 1000)
(3875 8375 1000)
(4125 8375 1000)
(4375 8375 1000)
(4625 8375 1000)
(4875 8375 1000)
(-125 8625 1000)
(125 8625 1000)
(375 8625 1000)
(625 8625 1000)
(875 8625 1000)
(1125 8625 1000)
(1375 8625 1000)
(1625 8625 1000)
(1875 8625 1000)
(2125 8625 1000)
(2375 8625 1000)
(2625 8625 1000)
(2875 8625 1000)
(3125 8625 1000)
(3375 8625 1000)
(3625 8625 1000)
(3875 8625 1000)
(4125 8625 1000)
(4375 8625 1000)
(4625 8625 1000)
(4875 8625 1000)
(-125 8875 1000)
(125 8875 1000)
(375 8875 1000)
(625 8875 1000)
(875 8875 1000)
(1125 8875 1000)
(1375 8875 1000)
(1625 8875 1000)
(1875 8875 1000)
(2125 8875 1000)
(2375 8875 1000)
(2625 8875 1000)
(2875 8875 1000)
(3125 8875 1000)
(3375 8875 1000)
(3625 8875 1000)
(3875 8875 1000)
(4125 8875 1000)
(4375 8875 1000)
(4625 8875 1000)
(4875 8875 1000)
(-125 9125 1000)
(125 9125 1000)
(375 9125 1000)
(625 9125 1000)
(875 9125 1000)
(1125 9125 1000)
(1375 9125 1000)
(1625 9125 1000)
(1875 9125 1000)
(2125 9125 1000)
(2375 9125 1000)
(2625 9125 1000)
(2875 9125 1000)
(3125 9125 1000)
(3375 9125 1000)
(3625 9125 1000)
(3875 9125 1000)
(4125 9125 1000)
(4375 9125 1000)
(4625 9125 1000)
(4875 9125 1000)
(-125 9375 1000)
(125 9375 1000)
(375 9375 1000)
(625 9375 1000)
(875 9375 1000)
(1125 9375 1000)
(1375 9375 1000)
(1625 9375 1000)
(1875 9375 1000)
(2125 9375 1000)
(2375 9375 1000)
(2625 9375 1000)
(2875 9375 1000)
(3125 9375 1000)
(3375 9375 1000)
(3625 9375 1000)
(3875 9375 1000)
(4125 9375 1000)
(4375 9375 1000)
(4625 9375 1000)
(4875 9375 1000)
(-125 9625 1000)
(125 9625 1000)
(375 9625 1000)
(625 9625 1000)
(875 9625 1000)
(1125 9625 1000)
(1375 9625 1000)
(1625 9625 1000)
(1875 9625 1000)
(2125 9625 1000)
(2375 9625 1000)
(2625 9625 1000)
(2875 9625 1000)
(3125 9625 1000)
(3375 9625 1000)
(3625 9625 1000)
(3875 9625 1000)
(4125 9625 1000)
(4375 9625 1000)
(4625 9625 1000)
(4875 9625 1000)
(-125 9875 1000)
(125 9875 1000)
(375 9875 1000)
(625 9875 1000)
(875 9875 1000)
(1125 9875 1000)
(1375 9875 1000)
(1625 9875 1000)
(1875 9875 1000)
(2125 9875 1000)
(2375 9875 1000)
(2625 9875 1000)
(2875 9875 1000)
(3125 9875 1000)
(3375 9875 1000)
(3625 9875 1000)
(3875 9875 1000)
(4125 9875 1000)
(4375 9875 1000)
(4625 9875 1000)
(4875 9875 1000)
)


// ************************************************************************* //
